Third degree polynominal: c0 + c1*x + c2*x^2 + c3*x^3 
c0: -3544.48029217 +/- 485.70161223221345
c1: 14.124314174593774 +/- 1.4487547182980756
c2: -1.689030999447274e-06 +/- 1.7311138848708203e-07
c3: 4.677143072876297e-06 +/- 4.833112513984349e-07
