Third degree polynominal: c0 + c1*x + c2*x^2 + c3*x^3 
c0: 7811.56023354 +/- 
c1: 2.83174271629 +/- 
c2: -0.00180054931998 +/- 
c3: 3.88607248151e-07 +/- 
