Third degree polynominal: c0 + c1*x + c2*x^2 + c3*x^3 
c0: 270.308663482 +/- 14.056232902433315
c1: -2.7159802698782287 +/- 0.18380816348546627
c2: 8.920385950841303e-06 +/- 7.120280351178296e-07
c3: -1.6696248577602096e-05 +/- 1.5234236600264458e-06
