Third degree polynominal: c0 + c1*x + c2*x^2 + c3*x^3 
c0: 130.5086337338375 +/- 8.295232652628181
c1: -0.4692114781255173 +/- 0.13340232870938729
c2: 8.394306884998195e-07 +/- 4.969951504345146e-07
c3: -8.909663524908177e-07 +/- 1.0149238571789732e-06
